type=maptile label=2/0/0.png
-180 66.5132604431119
-90 66.5132604431119
-180 85.0511287798066
type=maptile label=2/0/1.png
-180 0
-90 0
-180 66.5132604431119
type=maptile label=2/0/2.png
-180 -66.5132604431119
-90 -66.5132604431119
-180 0
type=maptile label=2/0/3.png
-180 -85.0511287798066
-90 -85.0511287798066
-180 -66.5132604431119
type=maptile label=2/1/0.png
-90 66.5132604431119
0 66.5132604431119
-90 85.0511287798066
type=maptile label=2/1/1.png
-90 0
0 0
-90 66.5132604431119
type=maptile label=2/1/2.png
-90 -66.5132604431119
0 -66.5132604431119
-90 0
type=maptile label=2/1/3.png
-90 -85.0511287798066
0 -85.0511287798066
-90 -66.5132604431119
type=maptile label=2/2/0.png
0 66.5132604431119
90 66.5132604431119
0 85.0511287798066
type=maptile label=2/2/1.png
0 0
90 0
0 66.5132604431119
type=maptile label=2/2/2.png
0 -66.5132604431119
90 -66.5132604431119
0 0
type=maptile label=2/2/3.png
0 -85.0511287798066
90 -85.0511287798066
0 -66.5132604431119
type=maptile label=2/3/0.png
90 66.5132604431119
180 66.5132604431119
90 85.0511287798066
type=maptile label=2/3/1.png
90 0
180 0
90 66.5132604431119
type=maptile label=2/3/2.png
90 -66.5132604431119
180 -66.5132604431119
90 0
type=maptile label=2/3/3.png
90 -85.0511287798066
180 -85.0511287798066
90 -66.5132604431119
